1
root
512
0
0
-1
-1
-1
5
-1
-1
-1
-1
-1
-1
-1
3
ls.xsm
320
0
-1
-1
-1
-1
69
-1
-1
-1
-1
-1
-1
-1
3
rm.xsm
250
0
-1
-1
-1
-1
70
-1
-1
-1
-1
-1
-1
-1
3
cp.xsm
630
0
-1
-1
-1
-1
71
72
-1
-1
-1
-1
-1
-1
3
cat.xsm
540
0
-1
-1
-1
-1
73
74
-1
-1
-1
-1
-1
-1
3
lu.xsm
208
0
-1
-1
-1
-1
75
-1
-1
-1
-1
-1
-1
-1
3
ru.xsm
644
0
-1
-1
-1
-1
76
77
-1
-1
-1
-1
-1
-1
3
as1s27.xsm
212
0
-1
-1
-1
-1
78
-1
-1
-1
-1
-1
-1
-1
3
as2s27.xsm
370
0
-1
-1
-1
-1
79
-1
-1
-1
-1
-1
-1
-1
3
as3s27.xsm
538
0
-1
-1
-1
-1
80
81
-1
-1
-1
-1
-1
-1
3
pgm1.xsm
924
0
-1
-1
-1
-1
82
83
-1
-1
-1
-1
-1
-1
3
as4s27.xsm
546
0
-1
-1
-1
-1
84
85
-1
-1
-1
-1
-1
-1
3
pgm2.xsm
558
0
-1
-1
-1
-1
86
87
-1
-1
-1
-1
-1
-1
3
merge.xsm
778
0
-1
-1
-1
-1
88
89
-1
-1
-1
-1
-1
-1
3
m_store.xsm
1456
0
-1
-1
-1
-1
90
91
92
-1
-1
-1
-1
-1
3
m_sort.xsm
1866
0
-1
-1
-1
-1
93
94
95
96
-1
-1
-1
-1
3
m_merge.xsm
1768
0
-1
-1
-1
-1
97
98
99
100
-1
-1
-1
-1
3
as4_mod.xsm
1060
0
-1
-1
-1
-1
101
102
103
-1
-1
-1
-1
-1
2
sample.dat
18
1
1
-1
-1
-1
104
-1
-1
-1
-1
-1
-1
-1
3
pid.xsm
288
0
-1
-1
-1
-1
105
-1
-1
-1
-1
-1
-1
-1
3
ass4.xsm
2046
0
-1
-1
-1
-1
106
107
108
109
-1
-1
-1
-1
-1
-1
-1
-1
-1
-1
-1
-1
-1
-1
-1
-1
-1
-1
-1
-1
-1
-1
-1
-1
-1
-1
-1
-1
-1
-1
-1
-1
-1
-1
-1
-1
-1
-1
-1
-1
-1
-1
-1
-1
-1
-1
-1
-1
-1
-1
-1
-1
-1
-1
-1
-1
-1
-1
-1
-1
-1
-1
-1
-1
-1
-1
-1
-1
-1
-1
-1
-1
-1
-1
-1
-1
-1
-1
-1
-1
-1
-1
-1
-1
-1
-1
-1
-1
-1
-1
-1
-1
-1
-1
-1
-1
-1
-1
-1
-1
-1
-1
-1
-1
-1
-1
-1
-1
-1
-1
-1
-1
-1
-1
-1
-1
-1
-1
-1
-1
-1
-1
-1
-1
-1
-1
-1
-1
-1
-1
-1
-1
-1
-1
-1
-1
-1
-1
-1
-1
-1
-1
-1
-1
-1
-1
-1
-1
-1
-1
-1
-1
-1
-1
-1
-1
-1
-1
-1
-1
-1
-1
-1
-1
-1
-1
-1
-1
-1
-1
-1
-1
-1
-1
-1
-1
-1
-1
-1
-1
-1
-1
-1
-1
-1
-1
-1
-1
-1
-1
-1
-1
-1
-1
-1
-1
-1
-1
-1
-1
-1
-1
-1
-1
-1
-1
-1
-1
-1
-1
-1
-1
-1
-1
-1
-1
-1
-1
-1
-1
-1
-1
-1
-1
-1
-1
-1
-1
-1
-1
-1
-1
-1
-1
-1
-1
-1
-1
-1
-1
-1
-1
-1
-1
-1
-1
-1
-1
-1
-1
-1
-1
-1
-1
-1
-1
-1
-1
-1
-1
-1
-1
-1
-1
-1
-1
-1
-1
-1
-1
-1
-1
-1
-1
-1
-1
-1
-1
-1
-1
-1
-1
-1
-1
-1
-1
-1
-1
-1
-1
-1
-1
-1
-1
-1
-1
-1
-1
-1
-1
-1
-1
-1
-1
-1
-1
-1
-1
-1
-1
-1
-1
-1
-1
-1
-1
-1
-1
-1
-1
-1
-1
-1
-1
-1
-1
-1
-1
-1
-1
-1
-1
-1
-1
-1
-1
-1
-1
-1
-1
-1
-1
-1
-1
-1
-1
-1
-1
-1
-1
-1
-1
-1
-1
-1
-1
-1
-1
-1
-1
-1
-1
-1
-1
-1
-1
-1
-1
-1
-1
-1
-1
-1
-1
-1
-1
-1
-1
-1
-1
-1
-1
-1
-1
-1
-1
-1
-1
-1
-1
-1
-1
-1
-1
-1
-1
-1
-1
-1
-1
-1
-1
-1
-1
-1
-1
-1
-1
-1
-1
-1
-1
-1
-1
-1
-1
-1
-1
-1
-1
-1
-1
-1
-1
-1
-1
-1
-1
-1
-1
-1
-1
-1
-1
-1
-1
-1
-1
-1
-1
-1
-1
-1
-1
-1
-1
-1
-1
-1
-1
-1
-1
-1
-1
-1
-1
-1
-1
-1
-1
-1
-1
-1
-1
-1
-1
-1
-1
-1
-1
-1
-1
-1
-1
-1
-1
-1
-1
-1
-1
-1
-1
-1
-1
-1
-1
-1
-1
-1
-1
-1
-1
-1
-1
-1
-1
-1
-1
-1
-1
-1
-1
-1
-1
-1
-1
-1
-1
-1
-1
-1
-1
-1
-1
-1
-1
-1
-1
-1
-1
-1
-1
-1
-1
-1
-1
-1
-1
-1
-1
-1
-1
-1
-1
-1
-1
-1
-1
-1
-1
-1
-1
-1
-1
-1
-1
-1
-1
-1
-1
-1
-1
-1
-1
-1
-1
-1
-1
-1
-1
-1
-1
-1
-1
-1
-1
-1
-1
-1
-1
-1
-1
-1
-1
-1
-1
-1
-1
-1
-1
-1
-1
-1
-1
-1
-1
-1
-1
-1
-1
-1
-1
-1
-1
-1
-1
-1
-1
0
-1
-1
-1
-1
-1
-1
-1
-1
-1
-1
-1
-1
-1
-1
-1
0
-1
-1
-1
-1
-1
-1
-1
-1
-1
-1
-1
-1
-1
kernel
-1
root
452
alen
416
-1
-1
-1
-1
-1
-1
-1
-1
-1
-1
-1
-1
-1
-1
-1
-1
-1
-1
-1
-1
-1
-1
-1
-1
-1
-1
-1
-1
-1
-1
-1
-1
-1
-1
-1
-1
-1
-1
-1
-1
-1
-1
-1
-1
-1
-1
-1
-1
-1
-1
-1
-1
-1
-1
-1
-1
-1
-1
