root
512
1
-1
-1
-1
-1
-1
ls.xsm
320
3
-1
-1
-1
-1
-1
rm.xsm
250
3
-1
-1
-1
-1
-1
cp.xsm
630
3
-1
-1
-1
-1
-1
cat.xsm
540
3
-1
-1
-1
-1
-1
lu.xsm
208
3
-1
-1
-1
-1
-1
ru.xsm
508
3
-1
-1
-1
-1
-1
as1s27.xsm
212
3
-1
-1
-1
-1
-1
as2s27.xsm
370
3
-1
-1
-1
-1
-1
as3s27.xsm
538
3
-1
-1
-1
-1
-1
pgm1.xsm
924
3
-1
-1
-1
-1
-1
as4s27.xsm
546
3
-1
-1
-1
-1
-1
pgm2.xsm
558
3
-1
-1
-1
-1
-1
merge.xsm
778
3
-1
-1
-1
-1
-1
m_store.xsm
1456
3
-1
-1
-1
-1
-1
m_sort.xsm
1866
3
-1
-1
-1
-1
-1
m_merge.xsm
1768
3
-1
-1
-1
-1
-1
as4_mod.xsm
1060
3
-1
-1
-1
-1
-1
sample.dat
18
2
-1
-1
-1
-1
-1
pid.xsm
130
3
-1
-1
-1
-1
-1
-1
0
-1
-1
-1
-1
-1
-1
-1
0
-1
-1
-1
-1
-1
-1
-1
0
-1
-1
-1
-1
-1
-1
-1
0
-1
-1
-1
-1
-1
-1
-1
0
-1
-1
-1
-1
-1
-1
-1
0
-1
-1
-1
-1
-1
-1
-1
0
-1
-1
-1
-1
-1
-1
-1
0
-1
-1
-1
-1
-1
-1
-1
0
-1
-1
-1
-1
-1
-1
-1
0
-1
-1
-1
-1
-1
-1
-1
0
-1
-1
-1
-1
-1
-1
-1
0
-1
-1
-1
-1
-1
-1
-1
0
-1
-1
-1
-1
-1
-1
-1
0
-1
-1
-1
-1
-1
-1
-1
0
-1
-1
-1
-1
-1
-1
-1
0
-1
-1
-1
-1
-1
-1
-1
0
-1
-1
-1
-1
-1
-1
-1
0
-1
-1
-1
-1
-1
-1
-1
0
-1
-1
-1
-1
-1
-1
-1
0
-1
-1
-1
-1
-1
-1
-1
0
-1
-1
-1
-1
-1
-1
-1
0
-1
-1
-1
-1
-1
-1
-1
0
-1
-1
-1
-1
-1
-1
-1
0
-1
-1
-1
-1
-1
-1
-1
0
-1
-1
-1
-1
-1
-1
-1
0
-1
-1
-1
-1
-1
-1
-1
0
-1
-1
-1
-1
-1
-1
-1
0
-1
-1
-1
-1
-1
-1
-1
0
-1
-1
-1
-1
-1
-1
-1
0
-1
-1
-1
-1
-1
-1
-1
0
-1
-1
-1
-1
-1
-1
-1
0
-1
-1
-1
-1
-1
-1
-1
0
-1
-1
-1
-1
-1
-1
-1
0
-1
-1
-1
-1
-1
-1
-1
0
-1
-1
-1
-1
-1
-1
-1
0
-1
-1
-1
-1
-1
-1
-1
0
-1
-1
-1
-1
-1
-1
-1
0
-1
-1
-1
-1
-1
-1
-1
0
-1
-1
-1
-1
-1
-1
-1
0
-1
-1
-1
-1
-1
-1
-1
0
-1
-1
-1
-1
-1
-1
-1
0
-1
-1
-1
-1
-1
-1
-1
0
-1
-1
-1
-1
-1
-1
-1
0
-1
-1
-1
-1
-1
-1
